tmp/
File 1: lab15_main_opened
File 2: lab15_side_opened
Found 2 segments of at least 5 consecutive cells.
Segment 1: [[58, 60], [59, 58], [59, 59], [59, 60], [60, 57], [60, 58], [61, 56], [61, 57], [62, 55], [62, 56], [63, 53], [63, 54], [63, 55]]
Segment 2: [[59, 38], [60, 38], [60, 39], [60, 52], [61, 39], [61, 40], [61, 50], [61, 51], [61, 52], [62, 40], [62, 41], [62, 49], [62, 50], [63, 41], [63, 42], [63, 48], [63, 49], [64, 41], [64, 42], [64, 47], [64, 48], [65, 42], [65, 43], [65, 45], [65, 46], [65, 47], [66, 43], [66, 44], [66, 45]]

tmp/
File 1: lab15_main_opened
File 2: lab15_side_opened
Found 2 segments of at least 5 consecutive cells.
Segment 1: [[58, 60], [59, 58], [59, 59], [59, 60], [60, 57], [60, 58], [61, 56], [61, 57], [62, 55], [62, 56], [63, 53], [63, 54], [63, 55]]
Segment 2: [[59, 38], [60, 38], [60, 39], [60, 52], [61, 39], [61, 40], [61, 50], [61, 51], [61, 52], [62, 40], [62, 41], [62, 49], [62, 50], [63, 41], [63, 42], [63, 48], [63, 49], [64, 41], [64, 42], [64, 47], [64, 48], [65, 42], [65, 43], [65, 45], [65, 46], [65, 47], [66, 43], [66, 44], [66, 45]]

tmp/
File 1: lab15_main_opened
File 2: lab15_side_opened
Found 2 segments of at least 5 consecutive cells.
Segment 1: [[58, 60], [59, 58], [59, 59], [59, 60], [60, 57], [60, 58], [61, 56], [61, 57], [62, 55], [62, 56], [63, 53], [63, 54], [63, 55]]
Segment 2: [[59, 38], [60, 38], [60, 39], [60, 52], [61, 39], [61, 40], [61, 50], [61, 51], [61, 52], [62, 40], [62, 41], [62, 49], [62, 50], [63, 41], [63, 42], [63, 48], [63, 49], [64, 41], [64, 42], [64, 47], [64, 48], [65, 42], [65, 43], [65, 45], [65, 46], [65, 47], [66, 43], [66, 44], [66, 45]]

tmp/
File 1: lab15_main_opened
File 2: lab15_side_opened
Found 2 segments of at least 5 consecutive cells.
Segment 1: [[58, 60], [59, 58], [59, 59], [59, 60], [60, 57], [60, 58], [61, 56], [61, 57], [62, 55], [62, 56], [63, 53], [63, 54], [63, 55]]
Segment 2: [[59, 38], [60, 38], [60, 39], [60, 52], [61, 39], [61, 40], [61, 50], [61, 51], [61, 52], [62, 40], [62, 41], [62, 49], [62, 50], [63, 41], [63, 42], [63, 48], [63, 49], [64, 41], [64, 42], [64, 47], [64, 48], [65, 42], [65, 43], [65, 45], [65, 46], [65, 47], [66, 43], [66, 44], [66, 45]]

tmp/
File 1: lab15_main_opened
File 2: lab15_side_opened
Found 2 segments of at least 5 consecutive cells.
Segment 1: [[58, 60], [59, 58], [59, 59], [59, 60], [60, 57], [60, 58], [61, 56], [61, 57], [62, 55], [62, 56], [63, 53], [63, 54], [63, 55]]
Segment 2: [[59, 38], [60, 38], [60, 39], [60, 52], [61, 39], [61, 40], [61, 50], [61, 51], [61, 52], [62, 40], [62, 41], [62, 49], [62, 50], [63, 41], [63, 42], [63, 48], [63, 49], [64, 41], [64, 42], [64, 47], [64, 48], [65, 42], [65, 43], [65, 45], [65, 46], [65, 47], [66, 43], [66, 44], [66, 45]]

tmp/
File 1: lab15_main_opened
File 2: lab15_side_opened
Found 2 segments of at least 5 consecutive cells.
Segment 1: [[58, 60], [59, 58], [59, 59], [59, 60], [60, 57], [60, 58], [61, 56], [61, 57], [62, 55], [62, 56], [63, 53], [63, 54], [63, 55]]
Segment 2: [[59, 38], [60, 38], [60, 39], [60, 52], [61, 39], [61, 40], [61, 50], [61, 51], [61, 52], [62, 40], [62, 41], [62, 49], [62, 50], [63, 41], [63, 42], [63, 48], [63, 49], [64, 41], [64, 42], [64, 47], [64, 48], [65, 42], [65, 43], [65, 45], [65, 46], [65, 47], [66, 43], [66, 44], [66, 45]]

tmp/
File 1: lab15_main_opened
File 2: lab15_side_opened
Found 2 segments of at least 5 consecutive cells.
Segment 1: [[58, 60], [59, 58], [59, 59], [59, 60], [60, 57], [60, 58], [61, 56], [61, 57], [62, 55], [62, 56], [63, 53], [63, 54], [63, 55]]
Segment 2: [[59, 38], [60, 38], [60, 39], [60, 52], [61, 39], [61, 40], [61, 50], [61, 51], [61, 52], [62, 40], [62, 41], [62, 49], [62, 50], [63, 41], [63, 42], [63, 48], [63, 49], [64, 41], [64, 42], [64, 47], [64, 48], [65, 42], [65, 43], [65, 45], [65, 46], [65, 47], [66, 43], [66, 44], [66, 45]]

tmp/
File 1: lab15_main_opened
File 2: lab15_side_opened
Found 2 segments of at least 5 consecutive cells.
Segment 1: [[58, 60], [59, 58], [59, 59], [59, 60], [60, 57], [60, 58], [61, 56], [61, 57], [62, 55], [62, 56], [63, 53], [63, 54], [63, 55]]
Segment 2: [[59, 38], [60, 38], [60, 39], [60, 52], [61, 39], [61, 40], [61, 50], [61, 51], [61, 52], [62, 40], [62, 41], [62, 49], [62, 50], [63, 41], [63, 42], [63, 48], [63, 49], [64, 41], [64, 42], [64, 47], [64, 48], [65, 42], [65, 43], [65, 45], [65, 46], [65, 47], [66, 43], [66, 44], [66, 45]]

tmp/
File 1: lab15_main_opened
File 2: lab15_side_opened
Found 2 segments of at least 5 consecutive cells.
Segment 1: [[58, 60], [59, 58], [59, 59], [59, 60], [60, 57], [60, 58], [61, 56], [61, 57], [62, 55], [62, 56], [63, 53], [63, 54], [63, 55]]
Segment 2: [[59, 38], [60, 38], [60, 39], [60, 52], [61, 39], [61, 40], [61, 50], [61, 51], [61, 52], [62, 40], [62, 41], [62, 49], [62, 50], [63, 41], [63, 42], [63, 48], [63, 49], [64, 41], [64, 42], [64, 47], [64, 48], [65, 42], [65, 43], [65, 45], [65, 46], [65, 47], [66, 43], [66, 44], [66, 45]]

tmp/
File 1: lab15_main_opened
File 2: lab15_side_opened
Found 2 segments of at least 5 consecutive cells.
Segment 1: [[58, 60], [59, 58], [59, 59], [59, 60], [60, 57], [60, 58], [61, 56], [61, 57], [62, 55], [62, 56], [63, 53], [63, 54], [63, 55]]
Segment 2: [[59, 38], [60, 38], [60, 39], [60, 52], [61, 39], [61, 40], [61, 50], [61, 51], [61, 52], [62, 40], [62, 41], [62, 49], [62, 50], [63, 41], [63, 42], [63, 48], [63, 49], [64, 41], [64, 42], [64, 47], [64, 48], [65, 42], [65, 43], [65, 45], [65, 46], [65, 47], [66, 43], [66, 44], [66, 45]]

tmp/
File 1: lab15_main_opened
File 2: lab15_side_opened
Found 2 segments of at least 5 consecutive cells.
Segment 1: [[58, 60], [59, 58], [59, 59], [59, 60], [60, 57], [60, 58], [61, 56], [61, 57], [62, 55], [62, 56], [63, 53], [63, 54], [63, 55]]
Segment 2: [[59, 38], [60, 38], [60, 39], [60, 52], [61, 39], [61, 40], [61, 50], [61, 51], [61, 52], [62, 40], [62, 41], [62, 49], [62, 50], [63, 41], [63, 42], [63, 48], [63, 49], [64, 41], [64, 42], [64, 47], [64, 48], [65, 42], [65, 43], [65, 45], [65, 46], [65, 47], [66, 43], [66, 44], [66, 45]]

tmp/
File 1: lab15_main_opened
File 2: lab15_side_opened
Found 2 segments of at least 5 consecutive cells.
Segment 1: [[58, 60], [59, 58], [59, 59], [59, 60], [60, 57], [60, 58], [61, 56], [61, 57], [62, 55], [62, 56], [63, 53], [63, 54], [63, 55]]
Segment 2: [[59, 38], [60, 38], [60, 39], [60, 52], [61, 39], [61, 40], [61, 50], [61, 51], [61, 52], [62, 40], [62, 41], [62, 49], [62, 50], [63, 41], [63, 42], [63, 48], [63, 49], [64, 41], [64, 42], [64, 47], [64, 48], [65, 42], [65, 43], [65, 45], [65, 46], [65, 47], [66, 43], [66, 44], [66, 45]]

tmp/
File 1: lab15_main_opened
File 2: lab15_side_opened
Found 2 segments of at least 5 consecutive cells.
Segment 1: [[58, 60], [59, 58], [59, 59], [59, 60], [60, 57], [60, 58], [61, 56], [61, 57], [62, 55], [62, 56], [63, 53], [63, 54], [63, 55]]
Segment 2: [[59, 38], [60, 38], [60, 39], [60, 52], [61, 39], [61, 40], [61, 50], [61, 51], [61, 52], [62, 40], [62, 41], [62, 49], [62, 50], [63, 41], [63, 42], [63, 48], [63, 49], [64, 41], [64, 42], [64, 47], [64, 48], [65, 42], [65, 43], [65, 45], [65, 46], [65, 47], [66, 43], [66, 44], [66, 45]]

tmp/
File 1: lab15_main_opened
File 2: lab15_side_opened
Found 2 segments of at least 5 consecutive cells.
Segment 1: [[58, 60], [59, 58], [59, 59], [59, 60], [60, 57], [60, 58], [61, 56], [61, 57], [62, 55], [62, 56], [63, 53], [63, 54], [63, 55]]
Segment 2: [[59, 38], [60, 38], [60, 39], [60, 52], [61, 39], [61, 40], [61, 50], [61, 51], [61, 52], [62, 40], [62, 41], [62, 49], [62, 50], [63, 41], [63, 42], [63, 48], [63, 49], [64, 41], [64, 42], [64, 47], [64, 48], [65, 42], [65, 43], [65, 45], [65, 46], [65, 47], [66, 43], [66, 44], [66, 45]]

tmp/
File 1: lab15_main_opened
File 2: lab15_side_opened
Found 2 segments of at least 5 consecutive cells.
Segment 1: [[58, 60], [59, 58], [59, 59], [59, 60], [60, 57], [60, 58], [61, 56], [61, 57], [62, 55], [62, 56], [63, 53], [63, 54], [63, 55]]
Segment 2: [[59, 38], [60, 38], [60, 39], [60, 52], [61, 39], [61, 40], [61, 50], [61, 51], [61, 52], [62, 40], [62, 41], [62, 49], [62, 50], [63, 41], [63, 42], [63, 48], [63, 49], [64, 41], [64, 42], [64, 47], [64, 48], [65, 42], [65, 43], [65, 45], [65, 46], [65, 47], [66, 43], [66, 44], [66, 45]]

tmp/
File 1: lab15_main_opened
File 2: lab15_side_opened
Found 2 segments of at least 5 consecutive cells.
Segment 1: [[58, 60], [59, 58], [59, 59], [59, 60], [60, 57], [60, 58], [61, 56], [61, 57], [62, 55], [62, 56], [63, 53], [63, 54], [63, 55]]
Segment 2: [[59, 38], [60, 38], [60, 39], [60, 52], [61, 39], [61, 40], [61, 50], [61, 51], [61, 52], [62, 40], [62, 41], [62, 49], [62, 50], [63, 41], [63, 42], [63, 48], [63, 49], [64, 41], [64, 42], [64, 47], [64, 48], [65, 42], [65, 43], [65, 45], [65, 46], [65, 47], [66, 43], [66, 44], [66, 45]]

tmp/
File 1: lab15_main_opened
File 2: lab15_side_opened
Found 2 segments of at least 5 consecutive cells.
Segment 1: [[58, 60], [59, 58], [59, 59], [59, 60], [60, 57], [60, 58], [61, 56], [61, 57], [62, 55], [62, 56], [63, 53], [63, 54], [63, 55]]
Segment 2: [[59, 38], [60, 38], [60, 39], [60, 52], [61, 39], [61, 40], [61, 50], [61, 51], [61, 52], [62, 40], [62, 41], [62, 49], [62, 50], [63, 41], [63, 42], [63, 48], [63, 49], [64, 41], [64, 42], [64, 47], [64, 48], [65, 42], [65, 43], [65, 45], [65, 46], [65, 47], [66, 43], [66, 44], [66, 45]]

tmp/
File 1: lab15_main_opened
File 2: lab15_side_opened
Found 2 segments of at least 5 consecutive cells.
Segment 1: [[58, 60], [59, 58], [59, 59], [59, 60], [60, 57], [60, 58], [61, 56], [61, 57], [62, 55], [62, 56], [63, 53], [63, 54], [63, 55]]
Segment 2: [[59, 38], [60, 38], [60, 39], [60, 52], [61, 39], [61, 40], [61, 50], [61, 51], [61, 52], [62, 40], [62, 41], [62, 49], [62, 50], [63, 41], [63, 42], [63, 48], [63, 49], [64, 41], [64, 42], [64, 47], [64, 48], [65, 42], [65, 43], [65, 45], [65, 46], [65, 47], [66, 43], [66, 44], [66, 45]]

tmp/
File 1: lab15_main_opened
File 2: lab15_side_opened
Found 2 segments of at least 5 consecutive cells.
Segment 1: [[58, 60], [59, 58], [59, 59], [59, 60], [60, 57], [60, 58], [61, 56], [61, 57], [62, 55], [62, 56], [63, 53], [63, 54], [63, 55]]
Segment 2: [[59, 38], [60, 38], [60, 39], [60, 52], [61, 39], [61, 40], [61, 50], [61, 51], [61, 52], [62, 40], [62, 41], [62, 49], [62, 50], [63, 41], [63, 42], [63, 48], [63, 49], [64, 41], [64, 42], [64, 47], [64, 48], [65, 42], [65, 43], [65, 45], [65, 46], [65, 47], [66, 43], [66, 44], [66, 45]]

tmp/
File 1: lab15_main_opened
File 2: lab15_side_opened
Found 2 segments of at least 5 consecutive cells.
Segment 1: [[58, 60], [59, 58], [59, 59], [59, 60], [60, 57], [60, 58], [61, 56], [61, 57], [62, 55], [62, 56], [63, 53], [63, 54], [63, 55]]
Segment 2: [[59, 38], [60, 38], [60, 39], [60, 52], [61, 39], [61, 40], [61, 50], [61, 51], [61, 52], [62, 40], [62, 41], [62, 49], [62, 50], [63, 41], [63, 42], [63, 48], [63, 49], [64, 41], [64, 42], [64, 47], [64, 48], [65, 42], [65, 43], [65, 45], [65, 46], [65, 47], [66, 43], [66, 44], [66, 45]]

tmp/
File 1: lab15_main_opened
File 2: lab15_side_opened
Found 2 segments of at least 5 consecutive cells.
Segment 1: [[58, 60], [59, 58], [59, 59], [59, 60], [60, 57], [60, 58], [61, 56], [61, 57], [62, 55], [62, 56], [63, 53], [63, 54], [63, 55]]
Segment 2: [[59, 38], [60, 38], [60, 39], [60, 52], [61, 39], [61, 40], [61, 50], [61, 51], [61, 52], [62, 40], [62, 41], [62, 49], [62, 50], [63, 41], [63, 42], [63, 48], [63, 49], [64, 41], [64, 42], [64, 47], [64, 48], [65, 42], [65, 43], [65, 45], [65, 46], [65, 47], [66, 43], [66, 44], [66, 45]]

tmp/
File 1: lab15_main_opened
File 2: lab15_side_opened
Found 2 segments of at least 5 consecutive cells.
Segment 1: [[58, 60], [59, 58], [59, 59], [59, 60], [60, 57], [60, 58], [61, 56], [61, 57], [62, 55], [62, 56], [63, 53], [63, 54], [63, 55]]
Segment 2: [[59, 38], [60, 38], [60, 39], [60, 52], [61, 39], [61, 40], [61, 50], [61, 51], [61, 52], [62, 40], [62, 41], [62, 49], [62, 50], [63, 41], [63, 42], [63, 48], [63, 49], [64, 41], [64, 42], [64, 47], [64, 48], [65, 42], [65, 43], [65, 45], [65, 46], [65, 47], [66, 43], [66, 44], [66, 45]]

tmp/
File 1: lab15_main_opened
File 2: lab15_side_opened
Found 2 segments of at least 5 consecutive cells.
Segment 1: [[58, 60], [59, 58], [59, 59], [59, 60], [60, 57], [60, 58], [61, 56], [61, 57], [62, 55], [62, 56], [63, 53], [63, 54], [63, 55]]
Segment 2: [[59, 38], [60, 38], [60, 39], [60, 52], [61, 39], [61, 40], [61, 50], [61, 51], [61, 52], [62, 40], [62, 41], [62, 49], [62, 50], [63, 41], [63, 42], [63, 48], [63, 49], [64, 41], [64, 42], [64, 47], [64, 48], [65, 42], [65, 43], [65, 45], [65, 46], [65, 47], [66, 43], [66, 44], [66, 45]]

tmp/
File 1: lab15_main_opened
File 2: lab15_side_opened
Found 2 segments of at least 5 consecutive cells.
Segment 1: [[58, 60], [59, 58], [59, 59], [59, 60], [60, 57], [60, 58], [61, 56], [61, 57], [62, 55], [62, 56], [63, 53], [63, 54], [63, 55]]
Segment 2: [[59, 38], [60, 38], [60, 39], [60, 52], [61, 39], [61, 40], [61, 50], [61, 51], [61, 52], [62, 40], [62, 41], [62, 49], [62, 50], [63, 41], [63, 42], [63, 48], [63, 49], [64, 41], [64, 42], [64, 47], [64, 48], [65, 42], [65, 43], [65, 45], [65, 46], [65, 47], [66, 43], [66, 44], [66, 45]]

tmp/
File 1: lab15_main_opened
File 2: lab15_side_opened
Found 2 segments of at least 5 consecutive cells.
Segment 1: [[58, 60], [59, 58], [59, 59], [59, 60], [60, 57], [60, 58], [61, 56], [61, 57], [62, 55], [62, 56], [63, 53], [63, 54], [63, 55]]
Segment 2: [[59, 38], [60, 38], [60, 39], [60, 52], [61, 39], [61, 40], [61, 50], [61, 51], [61, 52], [62, 40], [62, 41], [62, 49], [62, 50], [63, 41], [63, 42], [63, 48], [63, 49], [64, 41], [64, 42], [64, 47], [64, 48], [65, 42], [65, 43], [65, 45], [65, 46], [65, 47], [66, 43], [66, 44], [66, 45]]

tmp/
File 1: lab15_main_opened
File 2: lab15_side_opened
Found 2 segments of at least 5 consecutive cells.
Segment 1: [[58, 60], [59, 58], [59, 59], [59, 60], [60, 57], [60, 58], [61, 56], [61, 57], [62, 55], [62, 56], [63, 53], [63, 54], [63, 55]]
Segment 2: [[59, 38], [60, 38], [60, 39], [60, 52], [61, 39], [61, 40], [61, 50], [61, 51], [61, 52], [62, 40], [62, 41], [62, 49], [62, 50], [63, 41], [63, 42], [63, 48], [63, 49], [64, 41], [64, 42], [64, 47], [64, 48], [65, 42], [65, 43], [65, 45], [65, 46], [65, 47], [66, 43], [66, 44], [66, 45]]

tmp/
File 1: lab15_main_opened
File 2: lab15_side_opened
Found 2 segments of at least 5 consecutive cells.
Segment 1: [[58, 60], [59, 58], [59, 59], [59, 60], [60, 57], [60, 58], [61, 56], [61, 57], [62, 55], [62, 56], [63, 53], [63, 54], [63, 55]]
Segment 2: [[59, 38], [60, 38], [60, 39], [60, 52], [61, 39], [61, 40], [61, 50], [61, 51], [61, 52], [62, 40], [62, 41], [62, 49], [62, 50], [63, 41], [63, 42], [63, 48], [63, 49], [64, 41], [64, 42], [64, 47], [64, 48], [65, 42], [65, 43], [65, 45], [65, 46], [65, 47], [66, 43], [66, 44], [66, 45]]

tmp/
File 1: lab15_main_opened
File 2: lab15_side_opened
Found 2 segments of at least 5 consecutive cells.
Segment 1: [[58, 60], [59, 58], [59, 59], [59, 60], [60, 57], [60, 58], [61, 56], [61, 57], [62, 55], [62, 56], [63, 53], [63, 54], [63, 55]]
Segment 2: [[59, 38], [60, 38], [60, 39], [60, 52], [61, 39], [61, 40], [61, 50], [61, 51], [61, 52], [62, 40], [62, 41], [62, 49], [62, 50], [63, 41], [63, 42], [63, 48], [63, 49], [64, 41], [64, 42], [64, 47], [64, 48], [65, 42], [65, 43], [65, 45], [65, 46], [65, 47], [66, 43], [66, 44], [66, 45]]

tmp/
File 1: lab15_main_opened
File 2: lab15_side_opened
Found 2 segments of at least 5 consecutive cells.
Segment 1: [[58, 60], [59, 58], [59, 59], [59, 60], [60, 57], [60, 58], [61, 56], [61, 57], [62, 55], [62, 56], [63, 53], [63, 54], [63, 55]]
Segment 2: [[59, 38], [60, 38], [60, 39], [60, 52], [61, 39], [61, 40], [61, 50], [61, 51], [61, 52], [62, 40], [62, 41], [62, 49], [62, 50], [63, 41], [63, 42], [63, 48], [63, 49], [64, 41], [64, 42], [64, 47], [64, 48], [65, 42], [65, 43], [65, 45], [65, 46], [65, 47], [66, 43], [66, 44], [66, 45]]

tmp/
File 1: lab15_main_opened
File 2: lab15_side_opened
Found 2 segments of at least 5 consecutive cells.
Segment 1: [[58, 60], [59, 58], [59, 59], [59, 60], [60, 57], [60, 58], [61, 56], [61, 57], [62, 55], [62, 56], [63, 53], [63, 54], [63, 55]]
Segment 2: [[59, 38], [60, 38], [60, 39], [60, 52], [61, 39], [61, 40], [61, 50], [61, 51], [61, 52], [62, 40], [62, 41], [62, 49], [62, 50], [63, 41], [63, 42], [63, 48], [63, 49], [64, 41], [64, 42], [64, 47], [64, 48], [65, 42], [65, 43], [65, 45], [65, 46], [65, 47], [66, 43], [66, 44], [66, 45]]

tmp/
File 1: lab15_main_opened
File 2: lab15_side_opened
Found 2 segments of at least 5 consecutive cells.
Segment 1: [[58, 60], [59, 58], [59, 59], [59, 60], [60, 57], [60, 58], [61, 56], [61, 57], [62, 55], [62, 56], [63, 53], [63, 54], [63, 55]]
Segment 2: [[59, 38], [60, 38], [60, 39], [60, 52], [61, 39], [61, 40], [61, 50], [61, 51], [61, 52], [62, 40], [62, 41], [62, 49], [62, 50], [63, 41], [63, 42], [63, 48], [63, 49], [64, 41], [64, 42], [64, 47], [64, 48], [65, 42], [65, 43], [65, 45], [65, 46], [65, 47], [66, 43], [66, 44], [66, 45]]

tmp/
File 1: lab15_main_opened
File 2: lab15_side_opened
Found 2 segments of at least 5 consecutive cells.
Segment 1: [[58, 60], [59, 58], [59, 59], [59, 60], [60, 57], [60, 58], [61, 56], [61, 57], [62, 55], [62, 56], [63, 53], [63, 54], [63, 55]]
Segment 2: [[59, 38], [60, 38], [60, 39], [60, 52], [61, 39], [61, 40], [61, 50], [61, 51], [61, 52], [62, 40], [62, 41], [62, 49], [62, 50], [63, 41], [63, 42], [63, 48], [63, 49], [64, 41], [64, 42], [64, 47], [64, 48], [65, 42], [65, 43], [65, 45], [65, 46], [65, 47], [66, 43], [66, 44], [66, 45]]

tmp/
File 1: lab15_main_opened
File 2: lab15_side_opened
Found 2 segments of at least 5 consecutive cells.
Segment 1: [[58, 60], [59, 58], [59, 59], [59, 60], [60, 57], [60, 58], [61, 56], [61, 57], [62, 55], [62, 56], [63, 53], [63, 54], [63, 55]]
Segment 2: [[59, 38], [60, 38], [60, 39], [60, 52], [61, 39], [61, 40], [61, 50], [61, 51], [61, 52], [62, 40], [62, 41], [62, 49], [62, 50], [63, 41], [63, 42], [63, 48], [63, 49], [64, 41], [64, 42], [64, 47], [64, 48], [65, 42], [65, 43], [65, 45], [65, 46], [65, 47], [66, 43], [66, 44], [66, 45]]

tmp/
File 1: lab15_main_opened
File 2: lab15_side_opened
Found 2 segments of at least 5 consecutive cells.
Segment 1: [[58, 60], [59, 58], [59, 59], [59, 60], [60, 57], [60, 58], [61, 56], [61, 57], [62, 55], [62, 56], [63, 53], [63, 54], [63, 55]]
Segment 2: [[59, 38], [60, 38], [60, 39], [60, 52], [61, 39], [61, 40], [61, 50], [61, 51], [61, 52], [62, 40], [62, 41], [62, 49], [62, 50], [63, 41], [63, 42], [63, 48], [63, 49], [64, 41], [64, 42], [64, 47], [64, 48], [65, 42], [65, 43], [65, 45], [65, 46], [65, 47], [66, 43], [66, 44], [66, 45]]

tmp/
File 1: lab15_main_opened
File 2: lab15_side_opened
Found 2 segments of at least 5 consecutive cells.
Segment 1: [[58, 60], [59, 58], [59, 59], [59, 60], [60, 57], [60, 58], [61, 56], [61, 57], [62, 55], [62, 56], [63, 53], [63, 54], [63, 55]]
Segment 2: [[59, 38], [60, 38], [60, 39], [60, 52], [61, 39], [61, 40], [61, 50], [61, 51], [61, 52], [62, 40], [62, 41], [62, 49], [62, 50], [63, 41], [63, 42], [63, 48], [63, 49], [64, 41], [64, 42], [64, 47], [64, 48], [65, 42], [65, 43], [65, 45], [65, 46], [65, 47], [66, 43], [66, 44], [66, 45]]

tmp/
File 1: lab15_main_opened
File 2: lab15_side_opened
Found 2 segments of at least 5 consecutive cells.
Segment 1: [[58, 60], [59, 58], [59, 59], [59, 60], [60, 57], [60, 58], [61, 56], [61, 57], [62, 55], [62, 56], [63, 53], [63, 54], [63, 55]]
Segment 2: [[59, 38], [60, 38], [60, 39], [60, 52], [61, 39], [61, 40], [61, 50], [61, 51], [61, 52], [62, 40], [62, 41], [62, 49], [62, 50], [63, 41], [63, 42], [63, 48], [63, 49], [64, 41], [64, 42], [64, 47], [64, 48], [65, 42], [65, 43], [65, 45], [65, 46], [65, 47], [66, 43], [66, 44], [66, 45]]

tmp/
File 1: lab15_main_opened
File 2: lab15_side_opened
Found 2 segments of at least 5 consecutive cells.
Segment 1: [[58, 60], [59, 58], [59, 59], [59, 60], [60, 57], [60, 58], [61, 56], [61, 57], [62, 55], [62, 56], [63, 53], [63, 54], [63, 55]]
Segment 2: [[59, 38], [60, 38], [60, 39], [60, 52], [61, 39], [61, 40], [61, 50], [61, 51], [61, 52], [62, 40], [62, 41], [62, 49], [62, 50], [63, 41], [63, 42], [63, 48], [63, 49], [64, 41], [64, 42], [64, 47], [64, 48], [65, 42], [65, 43], [65, 45], [65, 46], [65, 47], [66, 43], [66, 44], [66, 45]]

tmp/
File 1: lab15_main_opened
File 2: lab15_side_opened
Found 2 segments of at least 5 consecutive cells.
Segment 1: [[58, 60], [59, 58], [59, 59], [59, 60], [60, 57], [60, 58], [61, 56], [61, 57], [62, 55], [62, 56], [63, 53], [63, 54], [63, 55]]
Segment 2: [[59, 38], [60, 38], [60, 39], [60, 52], [61, 39], [61, 40], [61, 50], [61, 51], [61, 52], [62, 40], [62, 41], [62, 49], [62, 50], [63, 41], [63, 42], [63, 48], [63, 49], [64, 41], [64, 42], [64, 47], [64, 48], [65, 42], [65, 43], [65, 45], [65, 46], [65, 47], [66, 43], [66, 44], [66, 45]]

tmp/
File 1: lab15_main_opened
File 2: lab15_side_opened
Found 2 segments of at least 5 consecutive cells.
Segment 1: [[58, 60], [59, 58], [59, 59], [59, 60], [60, 57], [60, 58], [61, 56], [61, 57], [62, 55], [62, 56], [63, 53], [63, 54], [63, 55]]
Segment 2: [[59, 38], [60, 38], [60, 39], [60, 52], [61, 39], [61, 40], [61, 50], [61, 51], [61, 52], [62, 40], [62, 41], [62, 49], [62, 50], [63, 41], [63, 42], [63, 48], [63, 49], [64, 41], [64, 42], [64, 47], [64, 48], [65, 42], [65, 43], [65, 45], [65, 46], [65, 47], [66, 43], [66, 44], [66, 45]]

tmp/
File 1: lab15_main_opened
File 2: lab15_side_opened
Found 2 segments of at least 5 consecutive cells.
Segment 1: [[58, 60], [59, 58], [59, 59], [59, 60], [60, 57], [60, 58], [61, 56], [61, 57], [62, 55], [62, 56], [63, 53], [63, 54], [63, 55]]
Segment 2: [[59, 38], [60, 38], [60, 39], [60, 52], [61, 39], [61, 40], [61, 50], [61, 51], [61, 52], [62, 40], [62, 41], [62, 49], [62, 50], [63, 41], [63, 42], [63, 48], [63, 49], [64, 41], [64, 42], [64, 47], [64, 48], [65, 42], [65, 43], [65, 45], [65, 46], [65, 47], [66, 43], [66, 44], [66, 45]]

tmp/
File 1: lab15_main_opened
File 2: lab15_side_opened
Found 2 segments of at least 5 consecutive cells.
Segment 1: [[58, 60], [59, 58], [59, 59], [59, 60], [60, 57], [60, 58], [61, 56], [61, 57], [62, 55], [62, 56], [63, 53], [63, 54], [63, 55]]
Segment 2: [[59, 38], [60, 38], [60, 39], [60, 52], [61, 39], [61, 40], [61, 50], [61, 51], [61, 52], [62, 40], [62, 41], [62, 49], [62, 50], [63, 41], [63, 42], [63, 48], [63, 49], [64, 41], [64, 42], [64, 47], [64, 48], [65, 42], [65, 43], [65, 45], [65, 46], [65, 47], [66, 43], [66, 44], [66, 45]]

tmp/
File 1: lab15_main_opened
File 2: lab15_side_opened
Found 2 segments of at least 5 consecutive cells.
Segment 1: [[58, 60], [59, 58], [59, 59], [59, 60], [60, 57], [60, 58], [61, 56], [61, 57], [62, 55], [62, 56], [63, 53], [63, 54], [63, 55]]
Segment 2: [[59, 38], [60, 38], [60, 39], [60, 52], [61, 39], [61, 40], [61, 50], [61, 51], [61, 52], [62, 40], [62, 41], [62, 49], [62, 50], [63, 41], [63, 42], [63, 48], [63, 49], [64, 41], [64, 42], [64, 47], [64, 48], [65, 42], [65, 43], [65, 45], [65, 46], [65, 47], [66, 43], [66, 44], [66, 45]]

